OVERLAP-H 30 OVERLAP-V 90

ROW: 0 COL: 0
(   36.00,     0.00) 	( 1862.00,     1.01) 
(    0.51,  1068.98) 	( 1913.17,  1062.90) 

ROW: 0 COL: 1
(   52.00,     0.00) 	( 1860.00,     0.00) 
(    0.86,  1076.08) 	( 1919.52,  1058.79) 

ROW: 0 COL: 2
(   62.00,     0.00) 	( 1855.00,     0.00) 
(   18.16,  1071.17) 	( 1919.78,  1044.91) 

ROW: 1 COL: 0
(    8.75,    31.12) 	( 1911.48,    15.95) 
(   79.00,  1002.00) 	( 1859.00,   967.71) 

ROW: 1 COL: 1
(    7.04,    26.14) 	( 1914.98,    21.06) 
(   70.00,   981.10) 	( 1852.00,   968.90) 

ROW: 1 COL: 2
(   21.90,    16.16) 	( 1921.81,     9.09) 
(   88.00,   974.08) 	( 1862.00,   965.00) 
